00000000000000000000000000000000111000
00000000000011111111100000000000000001
00000000000001000010000000000000000000
00000000000000100010000000000000000001
00000000000000010010000000000000000011
00000000000000001010000000000000000000
00000000000000000110000000000000000001
00000000000000000010000000000000000001
11111100000000000000000000000000000001
11111111100000000000000000000000000111
10000000000000000000000000000110000000
11110000000000000000000000000100000000
10000000000000000000000000000000000000
00000000000000000000000000000000000000
00000000000000000000000111111100000000
00000000000000000000000001100000000000
00000000000000000000000000000000000000
00111111100000000000000000000000000000
00001100000000000000000000000000000000
00000000000000000000000000000000000000