1111111111111111111111111111111111110111111
1111111110000000000000000000011111111111111
1000000000000000000000000000000000000000000
0000000110000000000000000010000000000001000
0000000100000000000000000000000001000000100
0011000100000011000001100000000000000000001
0000000100000000000000000000000000000000000
0000000000000000000000000000100000000000000
0000100000000000000000000000000000010000000
0000100000000000100000000000000000110000000
0001110000000000100000000000000000000000000
0000100000000000100000000011100000011000000
0000100000000000100000000000000000010000000
0000000000000000100000000000000000000000000
0000000000000000011000000000000000000011100
0000000000000000001100010000000000000000001
0111111000000000000000000000000000000000001
0000001000000000000111111000000000000000001
0110000100000000000100000000000000000011110
0010000010000000001100010000000000000000000
0001000001000000011000010000011100000111000
0011000000111111100000010000000000000000000
0000000000100000000000000000000000000000110
0000110000100000000000000000000000000000000
0000100001100000110000000000000000000000000
0000000000100000110000001100000000000000000
0000101000100000110000001100000011000111000
0000000000000000110000000000000000000000000
0000000000000000110001111100001110000011000
0011100100100110010000001100000000000001000
0000000000000000000000000100001000000000000
1100000000000000010000000001111111111111111
1111111111111111111111111111111111110111111