1111111111111111111111111111111111111111111
1111111111111111111111111111111111111111111
0000000000000000000000000000000000000000000
0000000000000000000000000000000000000000000
0000000000000000000000000000000000000000000
0000000000000011000000000000000000000000000
0000000000000000000000000000000000000000000
0000000000000000000000000000000000000000000
0000100000000000000000000000000000010000000
0000100000000000100000000000000000110000000
0001110000000000100000000000000000000000000
0000100000000000100000000000000000011000000
0000100000000000100000000000000000010000000
0000000000000000100000000000000000000000000
0000000000000000011000000000000000000011100
0000000000000000001100010000000000000000001
0111111000000000000000000000000000000000001
0000000000000000000111111000000000000000001
0110000000000000000000000000000000000011110
0010000000000000001100010000000000000000000
0001000000000000011000010000000000000111000
0011000000011111100000010000000000000000000
0000000000000000000000000000000000000000110
0000110000000000000000000000000000000000000
0000100000000000000000000000000000000000000
0000000000000000000000001100000000000000000
0000101000000000000000001100000000000111000
0000000000000000000000000000000000000000000
0000000000000000000000000000000000000011000
0011100100100110000000000000000000000001000
0000000000000000000000000000000000000000000
1111111111111111111111111111111111111111111
1111111111111111111111111111111111111111111